Emission Parameters — SPY, K=15
==================================================
State | Mean (μ)     | Std Dev (σ)
--------------------------------------------------
   1  |        -0.76 |         4.69
   2  |        -1.95 |         0.68
   3  |        -1.26 |         0.17
   4  |        -0.83 |         0.15
   5  |        -0.55 |         0.11
   6  |        -0.27 |         0.12
   7  |        -0.04 |         0.11
   8  |         0.19 |          0.1
   9  |         0.44 |         0.11
  10  |         0.66 |         0.13
  11  |         0.88 |         0.11
  12  |          1.2 |         0.15
  13  |         1.64 |         0.13
  14  |         2.19 |         0.69
  15  |         0.09 |          2.4
