Emission Parameters — SPY, K=21
==================================================
State | Mean (μ)     | Std Dev (σ)
--------------------------------------------------
   1  |        -0.86 |         4.38
   2  |        -2.42 |         0.81
   3  |        -1.93 |         0.21
   4  |        -1.38 |          0.1
   5  |        -1.12 |         0.09
   6  |        -0.85 |         0.12
   7  |        -0.56 |         0.11
   8  |         -0.3 |         0.09
   9  |         -0.1 |         0.07
  10  |         0.06 |         0.05
  11  |         0.18 |         0.06
  12  |         0.34 |         0.06
  13  |         0.49 |         0.08
  14  |         0.69 |         0.09
  15  |         0.85 |         0.06
  16  |         1.06 |         0.09
  17  |          1.3 |          0.1
  18  |         1.61 |         0.11
  19  |         2.01 |         0.29
  20  |         2.81 |         0.63
  21  |         0.29 |         2.31
