Emission Parameters — SPY, K=12
==================================================
State | Mean (μ)     | Std Dev (σ)
--------------------------------------------------
   1  |        -0.61 |         4.51
   2  |        -1.96 |         0.68
   3  |        -0.94 |         0.32
   4  |        -0.51 |         0.12
   5  |         -0.2 |         0.13
   6  |         0.06 |         0.15
   7  |         0.37 |         0.17
   8  |         0.68 |         0.19
   9  |         1.07 |         0.21
  10  |         1.48 |         0.33
  11  |          2.3 |         0.75
  12  |         0.03 |         2.33
