Table T1: State-Resolution Sensitivity across Emission Families (SPY)
1000 simulated paths, α=0.05
CHMM-N: Gaussian; CHMM-t: Student-t (per-state ν); CHMM-L: Laplace
======================================================================================================================================================
Family | K  | KS IS(%) | AD IS(%) | KS OoS(%) | AD OoS(%) | Kurt Obs | Kurt Sim | ACF-MAE  | W1(IS) | H(IS)   | Cov IS(%) | Cov OoS(%)
------------------------------------------------------------------------------------------------------------------------------------------------------
CHMM-N |  3 |    89.8 |    81.3 |     76.3 |     67.7 |     7.68 |     3.81 |  0.0468 | 0.128  | 0.0835  |    100.0  |     98.0
CHMM-N |  6 |    91.7 |    85.9 |     79.6 |     73.6 |     7.68 |      5.3 |  0.0497 | 0.115  | 0.0831  |    100.0  |     91.9
CHMM-N |  9 |    92.8 |    84.7 |     82.2 |     75.5 |     7.68 |     4.55 |  0.0497 | 0.118  | 0.081  |    100.0  |     91.9
CHMM-N | 12 |    95.0 |    86.1 |     83.7 |     76.6 |     7.68 |     4.55 |  0.0497 | 0.114  | 0.0805  |    100.0  |     90.9
CHMM-N | 15 |    95.2 |    86.9 |     83.5 |     76.3 |     7.68 |     4.91 |  0.0508 | 0.111  | 0.0802  |    100.0  |     93.9
CHMM-N | 18 |    94.7 |    85.8 |     82.4 |     76.5 |     7.68 |     5.02 |  0.0509 | 0.111  | 0.0809  |    100.0  |     92.9
CHMM-N | 21 |    95.2 |    89.1 |     87.6 |     80.9 |     7.68 |      3.8 |   0.053 | 0.112  | 0.0802  |    100.0  |    100.0
------------------------------------------------------------------------------------------------------------------------------------------------------
CHMM-t |  3 |    91.1 |    85.2 |     81.6 |     77.1 |     7.68 |    27.12 |   0.054 | 0.109  | 0.0764  |    100.0  |     97.0
CHMM-t |  6 |    92.2 |    86.1 |     82.1 |     76.6 |     7.68 |     20.8 |  0.0533 | 0.108  | 0.0768  |    100.0  |     96.0
CHMM-t |  9 |    92.7 |    86.9 |     84.8 |     80.1 |     7.68 |    15.96 |  0.0537 | 0.104  | 0.0756  |    100.0  |     98.0
CHMM-t | 12 |    94.1 |    88.3 |     83.1 |     80.6 |     7.68 |    14.68 |  0.0542 | 0.102  | 0.0757  |    100.0  |     90.9
CHMM-t | 15 |    93.5 |    88.0 |     82.9 |     76.5 |     7.68 |    15.85 |  0.0537 | 0.103  | 0.0757  |    100.0  |     92.9
CHMM-t | 18 |    95.2 |    90.9 |     85.1 |     80.7 |     7.68 |     14.4 |   0.055 | 0.101  | 0.0756  |    100.0  |     92.9
CHMM-t | 21 |    94.9 |    89.3 |     82.2 |     77.8 |     7.68 |    13.28 |   0.054 | 0.103  | 0.0758  |    100.0  |     93.9
------------------------------------------------------------------------------------------------------------------------------------------------------
CHMM-L |  3 |    82.4 |    82.9 |     63.6 |     66.9 |     7.68 |     5.24 |  0.0533 | 0.112  | 0.0853  |     94.9  |     85.9
CHMM-L |  6 |    88.8 |    83.3 |     77.0 |     72.5 |     7.68 |     5.74 |  0.0511 | 0.113  | 0.0823  |    100.0  |     88.9
CHMM-L |  9 |    90.0 |    84.1 |     77.9 |     74.8 |     7.68 |     6.05 |  0.0519 | 0.113  | 0.0823  |    100.0  |     87.9
CHMM-L | 12 |    92.4 |    87.6 |     77.8 |     77.9 |     7.68 |     6.21 |   0.054 | 0.106  | 0.0797  |    100.0  |     87.9
CHMM-L | 15 |    92.6 |    87.0 |     79.4 |     77.6 |     7.68 |     6.06 |  0.0542 | 0.106  | 0.0795  |    100.0  |     88.9
CHMM-L | 18 |    96.2 |    93.0 |     80.9 |     80.6 |     7.68 |      6.6 |  0.0564 | 0.101  | 0.0793  |    100.0  |     81.8
CHMM-L | 21 |    90.7 |    87.3 |     80.7 |     78.8 |     7.68 |     5.99 |  0.0544 | 0.107  | 0.0809  |    100.0  |     89.9
------------------------------------------------------------------------------------------------------------------------------------------------------
======================================================================================================================================================
