Emission Parameters — SPY, K=18
==================================================
State | Mean (μ)     | Std Dev (σ)
--------------------------------------------------
   1  |        -0.78 |         4.85
   2  |        -2.44 |         0.68
   3  |        -1.75 |         0.38
   4  |        -1.21 |         0.16
   5  |         -0.9 |         0.09
   6  |        -0.58 |         0.12
   7  |        -0.27 |         0.11
   8  |        -0.09 |         0.06
   9  |         0.08 |         0.06
  10  |         0.24 |         0.12
  11  |         0.44 |          0.1
  12  |         0.68 |         0.12
  13  |         0.92 |          0.1
  14  |         1.16 |         0.14
  15  |         1.48 |         0.18
  16  |         2.02 |         0.31
  17  |         2.79 |         0.74
  18  |         0.01 |         2.47
